object Form1: TForm1
  Left = 0
  Top = 0
  Caption = 'Form1'
  ClientHeight = 480
  ClientWidth = 640
  FormFactor.Width = 320
  FormFactor.Height = 480
  FormFactor.Devices = [Desktop, iPhone, iPad]
  DesignerMobile = False
  DesignerWidth = 0
  DesignerHeight = 0
  DesignerDeviceName = ''
  DesignerOrientation = 0
  DesignerOSVersion = ''
  object Grid1: TGrid
    Height = 145.000000000000000000
    Position.X = 16.000000000000000000
    Position.Y = 24.000000000000000000
    TabOrder = 7
    Width = 241.000000000000000000
    RowCount = 7
    RowHeight = 21.000000000000000000
  end
  object Button1: TButton
    Height = 22.000000000000000000
    Position.X = 296.000000000000000000
    Position.Y = 24.000000000000000000
    TabOrder = 12
    Text = 'Query de Busca'
    Width = 161.000000000000000000
    OnClick = Button1Click
  end
  object Label1: TLabel
    Height = 17.000000000000000000
    Position.X = 296.000000000000000000
    Position.Y = 88.000000000000000000
    Text = 'Inserir no Registro'
    Width = 120.000000000000000000
  end
  object Label2: TLabel
    Height = 17.000000000000000000
    Position.X = 296.000000000000000000
    Position.Y = 112.000000000000000000
    Text = 'ID:'
    Width = 41.000000000000000000
  end
  object Label3: TLabel
    Height = 17.000000000000000000
    Position.X = 296.000000000000000000
    Position.Y = 136.000000000000000000
    Text = 'Sexo:'
    Width = 41.000000000000000000
  end
  object Label4: TLabel
    Height = 17.000000000000000000
    Position.X = 296.000000000000000000
    Position.Y = 160.000000000000000000
    Text = 'Nome:'
    Width = 49.000000000000000000
  end
  object Edit1: TEdit
    Touch.InteractiveGestures = [LongTap, DoubleTap]
    TabOrder = 19
    Position.X = 336.000000000000000000
    Position.Y = 112.000000000000000000
    Width = 100.000000000000000000
    Height = 22.000000000000000000
  end
  object Edit2: TEdit
    Touch.InteractiveGestures = [LongTap, DoubleTap]
    TabOrder = 18
    Position.X = 336.000000000000000000
    Position.Y = 136.000000000000000000
    Width = 100.000000000000000000
    Height = 22.000000000000000000
  end
  object Edit3: TEdit
    Touch.InteractiveGestures = [LongTap, DoubleTap]
    TabOrder = 17
    Position.X = 336.000000000000000000
    Position.Y = 160.000000000000000000
    Width = 100.000000000000000000
    Height = 22.000000000000000000
  end
  object Button2: TButton
    Height = 22.000000000000000000
    Position.X = 320.000000000000000000
    Position.Y = 184.000000000000000000
    TabOrder = 20
    Text = 'Inserir'
    Width = 80.000000000000000000
    OnClick = Button2Click
  end
  object Button3: TButton
    Height = 22.000000000000000000
    Position.X = 296.000000000000000000
    Position.Y = 48.000000000000000000
    TabOrder = 32
    Text = 'Busca com Filtro M'#250'ltiplo'
    Width = 161.000000000000000000
    OnClick = Button3Click
  end
  object FDConnection1: TFDConnection
    Params.Strings = (
      
        'Database=C:\DADOS\Informatica\Info_projetos\Curso_Delphi_XE7\Par' +
        'te14_Enviando_Uma_Query_SQL\Banco de Dados\Banco_Query.db3'
      'LockingMode=Normal'
      'DriverID=SQLite')
    Connected = True
    Left = 544
    Top = 280
  end
  object FDQuery1: TFDQuery
    Active = True
    Connection = FDConnection1
    SQL.Strings = (
      'select * from cadastro')
    Left = 544
    Top = 344
  end
  object FDGUIxWaitCursor1: TFDGUIxWaitCursor
    Provider = 'FMX'
    Left = 544
    Top = 400
  end
  object BindSourceDB1: TBindSourceDB
    DataSet = FDQuery1
    ScopeMappings = <>
    Left = 544
    Top = 168
  end
  object BindingsList1: TBindingsList
    Methods = <>
    OutputConverters = <>
    Left = 540
    Top = 229
    object LinkGridToDataSourceBindSourceDB1: TLinkGridToDataSource
      Category = 'Quick Bindings'
      DataSource = BindSourceDB1
      GridControl = Grid1
      Columns = <>
    end
  end
end
